grouped-2-reduce: 0.971399730820996
grouped-1-reduce: 0.9324796274738067 
